[gd_scene format=3 uid="uid://cgodu8m8qwk4j"]

[ext_resource type="PackedScene" uid="uid://c7vlv8yq4s18l" path="res://Plane_World.tscn" id="1_1m0ic"]
[ext_resource type="PackedScene" uid="uid://cptb6i8wj8lhs" path="res://Pill.tscn" id="2_2peyt"]
[ext_resource type="PackedScene" uid="uid://dde3h81eyjbg3" path="res://Player.tscn" id="3_2peyt"]

[node name="Main_Scene" type="Node3D" unique_id=349355966]

[node name="Floor" parent="." unique_id=1328943470 instance=ExtResource("1_1m0ic")]

[node name="Pill" parent="." unique_id=1046045228 instance=ExtResource("2_2peyt")]
transform = Transform3D(0.8660254, -0.5, 0, 0.5, 0.8660254, 0, 0, 0, 1, 0, 1.1208497, 0)

[node name="Camera3D" type="Camera3D" parent="." unique_id=600064889]
transform = Transform3D(1, 0, 0, 0, 0.9659258, 0.25881904, 0, -0.25881904, 0.9659258, 0, 1.7332151, 3.6801858)

[node name="DirectionalLight3D" type="DirectionalLight3D" parent="." unique_id=170147085]
transform = Transform3D(-0.7071068, -4.214685e-08, 0.70710677, 0.49999997, 0.70710677, 0.50000006, -0.5, 0.7071068, -0.5, 5.5472097, 5.888022, -8.851535)
shadow_enabled = true

[node name="Player" parent="." unique_id=1995347876 instance=ExtResource("3_2peyt")]
transform = Transform3D(1, 0, 0, 0, 1, 0, 0, 0, 1, -2.2474666, 1.0380503, 0)
